1 2 60
1 3 344
1 2 178
1 2 15
1 2 66
1 0 41
1 3 143
1 2 35
1 2 29
1 2 76
1 3 107
1 4 148
1 2 79
1 2 63
1 1 19
1 1 84
1 2 55
1 3 142
1 2 48
1 2 24
1 3 174
1 1 9
1 2 31
1 4 535
1 2 31
1 3 90
1 1 35
1 3 331
1 3 285
1 2 43
1 1 21
1 2 121
1 1 19
1 1 61
1 3 119
1 2 101
1 2 18
1 2 36
1 3 116
1 3 171
1 3 94
1 4 655
1 4 215
1 2 354
1 4 270
1 2 60
1 3 84
1 2 150
1 0 4
1 3 139
1 3 29
1 1 29
1 2 78
1 2 24
1 2 31
1 1 25
1 2 128
1 3 195
1 2 18
1 1 80
1 2 166
1 3 20
1 2 48
1 2 53
1 1 66
1 3 206
1 3 122
1 3 159
1 2 114
1 2 171
1 1 50
1 2 65
1 3 229
1 2 57
1 4 121
1 2 65
1 2 109
1 3 77
1 2 41
1 3 99
1 4 286
1 3 214
1 2 54
1 3 77
1 4 215
1 1 110
1 3 40
1 3 238
1 2 98
1 1 13
1 3 212
1 4 84
1 2 109
1 3 51
1 3 163
1 3 44
1 3 120
1 2 89
1 2 82
1 2 79
1 3 55
1 2 159
1 1 68
1 3 33
1 2 20
1 1 22
1 5 755
1 2 27
1 1 19
1 2 55
1 4 377
1 3 28
1 2 125
1 1 266
1 1 16
1 2 58
1 3 260
1 2 47
1 1 26
1 2 116
1 1 59
1 2 59
1 3 163
1 3 190
1 3 184
1 2 35
1 3 76
1 2 43
1 2 193
1 3 120
1 4 60
1 2 60
1 4 284
1 4 52
1 3 271
1 3 138
1 3 53
1 3 141
1 2 86
1 5 539
1 2 136
1 1 62
1 1 306
1 3 114
1 3 131
1 2 235
1 3 59
1 1 48
1 2 25
1 2 45
1 2 97
1 2 149
1 2 51
1 2 31
1 3 64
1 4 228
1 2 21
1 5 898
1 1 21
1 2 18
1 2 98
1 3 32
1 2 24
1 3 108
1 3 213
1 1 55
1 3 197
1 1 104
1 1 22
1 3 125
1 3 220
1 1 97
1 1 8
1 2 136
1 4 186
1 4 175
1 3 175
1 2 42
1 1 94
1 2 17
1 2 14
1 2 87
1 4 369
1 0 11
1 2 16
1 1 28
1 2 242
1 2 53
1 3 61
1 3 131
1 3 32
1 2 94
1 2 106
1 2 200
1 3 65
1 4 213
1 2 59
1 3 25
1 4 284
1 3 259
1 2 41
1 2 43
1 2 135
1 2 58
1 3 295
1 3 146
1 1 52
1 2 102
1 2 92
1 2 65
1 3 74
1 3 248
1 3 206
1 5 672
1 3 187
1 0 16
1 2 131
1 2 141
1 3 202
1 3 144
1 2 38
1 3 350
1 4 320
1 2 33
1 1 26
1 2 89
1 3 204
1 4 125
1 1 18
1 2 52
1 2 99
1 5 236
1 5 198
1 1 14
1 3 159
1 1 22
1 3 31
1 3 71
1 3 151
1 1 10
1 3 84
1 4 174
1 4 215
1 3 107
1 1 65
1 2 134
1 5 463
1 3 63
1 5 347
1 3 185
1 3 681
1 3 134
1 4 119
1 2 107
1 3 71
1 2 53
1 2 695
1 3 90
1 1 32
1 2 48
1 4 319
1 4 162
1 1 116
1 1 53
1 3 257
1 4 58
1 3 137
1 2 61
1 4 177
1 3 118
1 1 21
1 2 172
1 1 19
1 2 59
1 3 95
1 3 128
1 2 123
1 0 22
1 1 33
1 3 380
1 1 17
1 2 61
1 3 150
1 1 85
1 3 323
1 3 43
1 4 878
1 4 139
1 2 47
1 2 20
1 5 423
1 2 104
1 4 221
1 2 60
1 1 88
1 2 72
1 2 50
1 2 97
1 3 44
1 3 125
1 3 196
1 3 82
1 2 43
1 3 138
1 2 71
1 2 28
1 3 97
1 2 18
1 2 34
1 1 34
1 0 5
1 3 391
1 4 478
1 3 77
1 2 12
1 4 288
1 3 151
1 4 319
1 1 44
1 4 376
1 3 132
1 4 554
1 3 41
1 3 132
1 1 134
1 3 179
1 5 625
1 3 62
1 3 264
1 3 78
1 1 20
1 1 25
1 4 185
1 3 34
1 2 81
1 3 215
1 3 127
1 2 178
1 3 67
1 3 162
1 3 186
1 3 334
1 3 94
1 3 91
1 2 25
1 2 27
1 3 109
1 1 45
1 3 42
1 2 113
1 2 134
1 2 41
1 2 26
1 3 73
1 2 80
1 3 132
1 3 52
1 3 124
1 3 32
1 0 9
1 2 26
1 3 120
1 3 255
1 4 72
1 1 18
1 3 129
1 3 181
1 3 55
1 2 108
1 3 116
1 4 202
1 2 136
1 4 187
1 4 109
1 2 109
1 5 238
1 2 33
1 4 203
1 3 70
1 3 109
1 3 44
1 3 485
1 3 291
1 3 45
1 2 46
1 4 119
1 2 49
1 2 79
1 2 161
1 3 201
1 3 168
1 2 119
1 2 84
1 4 278
1 2 45
1 2 110
1 2 55
1 3 118
1 3 105
1 4 185
1 3 10
1 2 7
1 4 33
1 5 83
1 5 35
1 3 33
1 4 60
1 2 13
1 4 47
1 3 33
1 5 32
1 3 19
1 2 9
1 2 37
1 3 85
1 5 24
1 3 17
1 3 7
1 4 58
1 4 73
1 3 22
1 4 38
1 3 11
1 4 67
1 4 55
1 4 22
1 3 16
1 4 57
1 4 53
1 2 15
1 5 99
1 4 55
1 3 22
1 4 33
1 3 10
1 4 58
1 3 5
1 6 157
1 4 31
1 3 86
1 4 62
1 3 25
1 3 13
1 5 60
1 2 8
1 5 169
1 5 95
1 4 83
1 2 23
1 2 5
1 2 7
1 4 68
1 5 54
1 4 63
1 4 40
1 4 93
1 2 39
1 3 88
1 2 7
1 5 75
1 3 24
1 4 24
1 3 47
1 3 22
1 3 33
1 3 33
1 4 58
1 3 18
1 5 144
1 3 28
1 3 64
1 3 21
1 4 14
1 3 28
1 2 18
1 4 35
1 4 22
1 5 145
1 4 94
1 3 20
1 3 4
1 5 254
1 3 19
1 3 23
1 4 21
1 4 30
1 4 25
1 3 10
1 3 34
1 1 13
1 3 11
1 3 8
1 4 42
1 3 54
1 4 31
1 3 23
1 2 22
1 4 236
1 4 172
1 3 27
1 2 4
1 3 4
1 4 43
1 4 54
1 1 34
1 2 9
1 4 12
1 4 75
1 4 38
1 4 101
1 4 192
1 4 42
1 3 77
1 5 51
1 4 110
1 4 33
1 3 33
1 2 10
1 5 64
1 2 16
1 4 39
1 3 31
1 3 55
1 2 31
1 4 67
1 5 125
1 4 65
1 5 23
1 6 175
1 3 38
1 3 11
1 3 24
1 4 98
1 4 93
1 4 12
1 3 14
1 3 24
1 5 78
1 3 49
1 5 93
1 4 28
1 3 20
1 2 15
1 5 82
1 4 14
1 3 19
1 2 35
1 2 25
1 5 112
1 4 103
1 3 10
1 3 31
1 3 32
1 3 16
1 4 53
1 5 92
1 5 75
1 4 116
1 5 49
1 3 14
1 4 48
1 5 109
1 3 11
1 5 54
1 3 59
1 3 64
1 3 16
1 3 6
1 3 30
1 6 96
1 5 36
1 5 315
1 4 67
1 5 29
1 3 43
1 3 2
1 7 259
1 3 38
1 4 76
1 4 32
1 6 151
1 4 39
1 4 106
1 3 13
1 4 76
1 3 7
1 6 173
1 5 174
1 4 104
1 4 48
1 4 17
1 2 9
1 4 62
1 2 7
1 4 154
1 4 27
1 3 37
1 2 1
1 3 15
1 2 12
1 1 1
1 3 25
1 3 30
1 2 16
1 5 156
1 3 41
1 3 25
1 4 31
1 2 8
1 2 4
1 4 39
1 3 9
1 2 27
1 3 74
1 4 42
1 4 46
1 3 13
1 3 9
1 3 6
1 4 36
1 4 40
1 4 42
1 3 33
1 3 40
1 3 41
1 2 13
1 3 30
1 3 25
1 4 10
1 4 28
1 3 14
1 3 8
1 4 18
1 4 109
1 4 54
1 4 87
1 3 13
1 4 107
1 3 20
1 4 75
1 4 114
1 4 26
1 2 12
1 4 39
1 5 84
1 6 102
1 6 197
1 3 3
1 4 96
1 3 10
1 2 85
1 3 21
1 2 7
1 5 135
1 2 14
1 3 19
1 4 37
1 5 79
1 5 131
1 3 7
1 3 10
1 5 32
1 3 17
1 5 97
1 2 20
1 3 41
1 4 26
1 5 44
1 4 26
1 4 51
1 5 25
1 4 87
1 3 23
1 6 922
1 4 46
1 3 24
1 3 41
1 4 16
1 4 54
1 3 9
1 5 183
1 4 29
1 3 20
1 3 14
1 3 39
1 6 211
1 3 6
1 3 83
1 3 45
1 3 26
1 4 24
1 5 741
1 4 36
1 5 59
1 3 18
1 3 22
1 3 26
1 4 58
1 6 512
1 4 21
1 3 41
1 2 5
1 4 83
1 4 55
1 5 90
1 4 55
1 3 62
1 2 7
1 2 13
1 3 10
1 3 30
1 2 13
1 4 52
1 5 63
1 3 48
1 3 24
1 3 12
1 3 39
1 4 20
1 5 68
1 5 305
1 3 66
1 6 226
1 4 47
1 4 118
1 3 18
1 5 44
1 6 332
1 3 29
1 4 61
1 3 24
1 4 94
1 3 46
1 3 12
1 5 92
1 5 124
1 3 13
1 4 103
1 4 27
1 5 141
1 3 11
1 3 44
1 4 106
1 5 95
1 5 65
1 3 40
1 4 51
1 4 24
1 2 29
1 4 31
1 5 57
1 4 20
1 3 10
1 3 13
1 3 11
1 4 103
1 4 59
1 5 78
1 3 32
1 3 91
1 4 103
1 3 70
1 1 11
1 4 71
1 3 31
1 4 54
1 4 169
1 4 97
1 3 9
1 5 89
1 5 92
1 3 42
1 3 6
1 3 28
1 4 22
1 3 12
1 3 30
1 3 12
1 3 7
1 4 51
1 2 67
1 4 91
1 3 35
1 3 32
1 3 5
1 3 10
1 2 15
1 3 34
1 3 25
1 3 27
1 5 65
1 3 54
1 4 46
1 3 22
1 2 22
1 3 23
1 3 5
1 2 20
1 3 27
1 4 12
