1.200173900000000000e+07
2.830841000000000000e+06
2.052697600000000000e+07
1.607014000000000000e+06
4.792380000000000000e+05
5.703687000000000000e+06
6.885380000000000000e+05
4.823790000000000000e+05
1.907528000000000000e+06
1.127030000000000000e+05
4.190360000000000000e+06
4.966580000000000000e+05
4.194050000000000000e+06
1.848815000000000000e+06
1.462680000000000000e+05
1.167002000000000000e+06
1.592290000000000000e+06
3.151377000000000000e+06
4.079990000000000000e+05
1.229180000000000000e+05
2.116955000000000000e+06
1.187150000000000000e+05
1.183269000000000000e+06
4.787088000000000000e+06
5.784430000000000000e+05
9.576663000000000000e+06
4.095100000000000000e+05
1.100395000000000000e+06
1.743878000000000000e+06
1.469585000000000000e+06
4.944910000000000000e+05
3.468125000000000000e+06
5.677259000000000000e+06
2.496369000000000000e+07
4.641990000000000000e+05
1.462414900000000000e+07
7.774050000000000000e+05
1.287865000000000000e+06
4.542090000000000000e+05
1.017346600000000000e+07
2.685964000000000000e+06
7.235923000000000000e+06
4.612600000000000000e+05
2.039580000000000000e+05
3.452831000000000000e+06
1.084530500000000000e+07
6.562377000000000000e+06
3.451250000000000000e+05
9.961250000000000000e+05
1.478015000000000000e+06
1.527076000000000000e+06
2.270590000000000000e+05
4.058821000000000000e+06
2.178300000000000000e+05
2.129752000000000000e+06
3.523950000000000000e+05
5.847512000000000000e+06
4.574215000000000000e+06
2.959853000000000000e+06
6.975610000000000000e+05
1.098128100000000000e+07
4.080258000000000000e+06
3.986439000000000000e+06
3.189430000000000000e+05
3.468440000000000000e+05
2.808749000000000000e+06
3.841340000000000000e+05
1.383393100000000000e+07
6.564300000000000000e+05
9.060230000000000000e+05
2.672920000000000000e+05
2.524500000000000000e+05
3.453110000000000000e+05
1.609829000000000000e+06
7.996340000000000000e+05
1.958831000000000000e+06
8.538750000000000000e+05
1.070748000000000000e+07
1.949373000000000000e+06
3.756880000000000000e+06
2.221809000000000000e+06
7.459851000000000000e+06
4.395903000000000000e+06
8.100221000000000000e+06
3.009569000000000000e+06
3.110390000000000000e+05
4.321510000000000000e+05
9.314150000000000000e+05
4.446760000000000000e+05
1.482066000000000000e+06
8.788140000000000000e+05
2.237355000000000000e+06
2.916078000000000000e+06
2.154170000000000000e+05
2.959230000000000000e+05
1.971160000000000000e+05
4.729933000000000000e+06
1.979104000000000000e+06
1.153906000000000000e+06
5.441920000000000000e+05
1.657705000000000000e+06
3.156700000000000000e+05
3.480960000000000000e+05
5.757382000000000000e+06
6.792894000000000000e+06
1.080207000000000000e+06
2.618951000000000000e+06
2.730573000000000000e+06
2.601090000000000000e+05
6.467370000000000000e+05
6.695421000000000000e+06
3.378670000000000000e+05
8.307580000000000000e+06
3.905677000000000000e+06
1.556541000000000000e+06
7.621860000000000000e+05
5.318370000000000000e+05
2.417371000000000000e+06
3.745248000000000000e+06
1.439898000000000000e+06
8.539173000000000000e+06
1.467985000000000000e+06
3.827158000000000000e+06
1.693900000000000000e+05
7.240790000000000000e+05
3.114169000000000000e+06
2.625910000000000000e+05
7.607998000000000000e+06
1.574049000000000000e+06
1.603766000000000000e+06
7.567780000000000000e+05
9.450935000000000000e+06
1.160880600000000000e+07
1.816350000000000000e+05
1.528050000000000000e+05
7.218300000000000000e+05
1.108187900000000000e+07
1.403220000000000000e+05
2.085850000000000000e+05
4.763080000000000000e+05
4.297562000000000000e+06
2.672219000000000000e+06
2.656910000000000000e+05
3.625200000000000000e+05
5.175560000000000000e+06
1.343400000000000000e+05
2.418500000000000000e+05
3.476010000000000000e+06
1.909780000000000000e+05
1.563220000000000000e+05
3.711030000000000000e+05
1.346810000000000000e+05
2.399890000000000000e+05
1.259788000000000000e+06
8.199280000000000000e+06
7.406210000000000000e+05
9.062687000000000000e+06
5.472061000000000000e+06
3.090463000000000000e+06
1.035979600000000000e+07
1.975018000000000000e+06
1.461003600000000000e+07
5.372688000000000000e+06
5.576020000000000000e+05
1.030943000000000000e+06
1.836798500000000000e+07
6.550800000000000000e+04
2.304289000000000000e+06
1.118016000000000000e+06
4.045433000000000000e+06
1.156866000000000000e+06
1.376152000000000000e+06
3.980887000000000000e+06
1.279154000000000000e+06
5.424555000000000000e+06
5.494031000000000000e+06
1.506397800000000000e+07
4.167010000000000000e+05
5.511630000000000000e+05
2.270623000000000000e+06
2.109771000000000000e+06
1.902460000000000000e+05
3.335388000000000000e+06
1.029412000000000000e+06
8.821402000000000000e+06
3.703770000000000000e+05
3.314299600000000000e+07
5.374320000000000000e+05
2.769574100000000000e+07
1.134617000000000000e+06
2.084416000000000000e+06
3.286104000000000000e+06
3.817150000000000000e+05
1.150631000000000000e+06
6.974680000000000000e+05
5.096860000000000000e+05
9.403046000000000000e+06
3.060470000000000000e+05
4.353063000000000000e+06
3.146290000000000000e+05
6.149440000000000000e+05
2.071308300000000000e+07
4.362662000000000000e+06
7.381100000000000000e+04
1.567461800000000000e+07
4.430670000000000000e+05
1.968952900000000000e+07
5.696199000000000000e+06
1.224976000000000000e+06
1.558647300000000000e+07
1.821036000000000000e+06
1.796328000000000000e+06
1.043470000000000000e+06
4.732510000000000000e+05
1.782730000000000000e+05
8.156330000000000000e+05
1.519284300000000000e+07
3.139246000000000000e+06
1.954770000000000000e+05
1.226892000000000000e+06
8.758054000000000000e+06
8.849464000000000000e+06
5.688940000000000000e+05
3.346910000000000000e+05
9.107660000000000000e+06
1.803190000000000000e+05
4.501102000000000000e+06
2.718210000000000000e+05
2.255795000000000000e+06
1.804567000000000000e+06
1.118820000000000000e+05
1.318990000000000000e+05
2.599103000000000000e+06
6.821079000000000000e+06
5.021036000000000000e+06
1.636225100000000000e+07
3.595190000000000000e+05
1.367540000000000000e+06
2.578850000000000000e+05
5.628910000000000000e+05
3.175860000000000000e+05
9.597820000000000000e+05
2.183199000000000000e+06
6.555050000000000000e+05
1.331607400000000000e+07
5.727047000000000000e+06
1.159699300000000000e+07
1.422610000000000000e+05
4.009590000000000000e+05
3.276015000000000000e+06
