1.128717852855847664e-01
-8.786025693920004320e-01
7.544993703393352291e-01
1.593738509299211237e-01
8.569827941421349626e-01
2.765178145561594247e-01
1.616036736974115762e-01
9.298183462782801945e-01
9.919610863890737651e-01
8.816572059573745124e-01
1.029915855922834300e+00
7.787664443968785044e-03
-6.772094280920418763e-01
4.887214401641954420e-01
-1.136473494732703760e-01
6.463822480693068862e-01
4.656894174173553114e-01
7.497799912083747964e-01
-6.528419016384843232e-01
-5.690773717799840759e-01
-2.316783387496699209e-01
-5.682710834104953701e-01
1.281419119114859950e-01
-8.325204969751320849e-01
-9.135833241344214484e-01
-9.108193393916649283e-01
-5.506163770327696660e-01
-5.867420294387263313e-01
-6.133110326868118634e-01
6.808697294501306896e-01
5.097513798250281614e-01
1.059286849160294919e+00
2.015630330420308813e-01
-9.476261440536921932e-02
3.748339123001897533e-01
9.206562367531084812e-01
1.002103904844232618e-01
7.495659541191463937e-01
-4.777620609765882986e-01
6.824872628438362065e-01
-5.201614280879865992e-01
-1.569012063320396055e-01
-2.180318199405692214e-01
-6.130301148404825318e-01
3.688637356458553396e-01
9.357476583852777363e-01
7.394897841500415181e-01
4.497553344918175933e-01
9.203059789570934290e-01
-7.320623763853781885e-01
8.690436292142298402e-01
6.779930309230415286e-01
-9.198633193483736481e-02
-8.598227030310271607e-03
3.110366279469988227e-01
2.677211110196455190e-01
4.473783888281906984e-01
-9.942566653105383567e-01
-5.183727207624836408e-01
1.024491887518004685e+00
1.037869635027241166e+00
-5.483813149354069827e-01
-8.969824662549232830e-01
-2.627921009880685443e-01
8.821609539006718403e-01
5.522054299022036705e-01
8.973083096921278257e-01
-5.584730907389149346e-01
5.350337836173374439e-01
6.607217891339904892e-01
-6.650366892135596286e-01
1.244561016157825495e-01
-8.909614677875641320e-01
9.358778323915212249e-01
7.063108031403343423e-01
5.430135285479038565e-01
2.853690108859761598e-01
-9.478587568490766113e-01
2.328278737470782511e-01
1.147216372604264040e-01
2.116375172029482943e-01
-7.167712665346060996e-01
-9.249301804979714881e-01
5.488539993013180629e-01
-1.932463936695245910e-01
-8.458850707343160691e-01
-2.586093840233345542e-01
7.563953826431434324e-01
9.123295701673634905e-01
-4.993063452183884032e-01
-7.953794783166073801e-01
-3.766062530224860705e-01
8.695184130838652381e-01
3.552748692153871735e-02
1.057574759859875924e+00
2.248451836603794496e-01
-8.763423434980151250e-02
-8.751001842055149416e-01
-9.845812143734721245e-01
6.841048570787143790e-01
-7.645767596784286413e-01
6.308163394192137230e-02
9.130504691903109649e-01
3.061040103096590581e-01
8.013395958833496868e-01
-9.791399262456457198e-01
-5.515919499012302829e-01
-2.704720596426583024e-01
7.546908664756483143e-01
-8.092745005817131299e-01
4.448485282657779760e-02
-8.880827438924828732e-01
4.949296084623308056e-01
6.769527155860042278e-01
-9.128144064476155783e-01
-8.964110229682392683e-01
4.041026092463699260e-01
1.149506285226865876e-01
4.039584051480385636e-03
5.127154094052812638e-01
-4.341715981877373731e-01
1.862092281686787421e-01
2.041879073355790108e-02
-3.285379467954362975e-01
3.055276777711954383e-01
-2.559600306316979768e-01
-4.197806381653717001e-01
5.987961187830195264e-01
-7.943543381172467610e-01
1.053776934988706060e+00
1.783133761898229031e-01
1.554559378537058167e-01
-3.283140269359102192e-01
2.052158582296508826e-01
4.491976060380533514e-02
1.462033375015379111e-01
-9.356877161649114205e-01
-8.247470137359653730e-01
9.102449628615654209e-01
1.026582861134245128e+00
-5.973163230592498651e-01
-9.747447408738206809e-01
7.157163812116764667e-01
8.576152467855309158e-01
-5.514188389496462728e-01
-7.207485272456046754e-01
2.680612294083682401e-01
-7.093745091027082728e-01
-7.591938601528018804e-01
4.082553006716244659e-01
-9.853975605036136010e-01
-7.739555654316006006e-01
4.831726780360297013e-01
5.290849021150590969e-01
9.313304355784213229e-01
-7.190956477005188141e-01
-6.269654025665780672e-01
4.851354575894226695e-01
4.659932890632769165e-01
2.730176336564889006e-01
9.538825963609040559e-02
-2.394386548586843466e-01
9.797815045342891382e-01
6.645270457861569835e-02
6.153249177641589851e-01
-9.317982510097715387e-01
-6.948467575925674211e-01
-3.008789422382933121e-01
9.425318768936397085e-01
-6.724345646839789969e-01
1.627475589280139578e-01
8.861893381960226357e-01
5.126162222082267794e-01
4.574917787587260976e-01
7.819842776826108066e-01
-7.106431986736012618e-01
-1.916562874380114412e-01
7.534745872533369360e-01
-1.344748840049300453e-01
-6.708886636251466529e-01
4.450276657862680535e-02
3.300845806268874472e-01
-6.354322552496531884e-01
7.562689265095700053e-01
2.546356265894632598e-01
-8.420310856721208159e-01
-9.555837796297634856e-01
4.196287920485379797e-01
-6.365406748775648271e-01
2.939017104531892466e-01
7.735346267765509376e-01
-9.718890132742833421e-01
3.302352775893219183e-02
8.225236740308982109e-01
6.862268197774433753e-01
3.015216248422274981e-01
1.364432649846201440e-01
-5.928198080723010577e-01
3.132801851381096236e-01
1.038496552847548937e+00
